201706 81.6
201707 78.5
201708 77.6
201709 69.0
201710 72.0
201711 73.4
201712 72.0
201801 69.0
201802 70.0
201803 73.5
201804 80.8
201805 77.8
201806 75.6
201807 65.8
201808 55.2
201809 53.3
201810 62.2
201811 53.5
201812 46.6
201901 47.0
201902 47.0
201903 44.5
201904 45.0
201905 45.2
201906 46.0
201907 47.6
201908 46.0
201909 41.4
201910 41.2
201911 45.5
201912 47.0
202001 46.0
202002 43.7
202003 49.8
202004 58.5
202005 66.5
202006 57.3
202007 47.4
202008 44.3
202009 45.0
202010 44.3
202011 43.3
202012 39.0
202101 37.8
202102 39.0
202103 36.8
202104 29.5
202105 35.3
202106 39.0
202107 38.8
202108 38.8
202109 38.3
202110 37.0
202111 36.3